659901
1688294
6893627
29371023
29587544
34272154
34412038
37210166
39085278
43088537
43127632
43275002
44534068
45516655
45965335
50314901
60930082
61780498
72183064
72263462
76681221
82997893
103734833
104440240
113502900
119814674
120645153
121313661
122943930
126854449
130633074
134623961
136584402
144930606
151594669
160143244
165584983
167120922
168873730
174986695
176522703
179975102
184280676
185455130
188880662
190290073
206252457
211599799
233500349
244346019
244952343
248357763
251162800
258353087
283335096
286950632
287361082
288228746
290167922
297614400
299414116
318308674
324777756
328041294
332218434
334754114
335451469
335776825
336435847
338241042
343488723
348820694
350682304
353587356
355716275
356098283
368006936
368309583
370988342
372034386
372883504
373667764
378050311
378147964
383914668
389954748
402045240
403083318
405085149
405726483
409129303
415639258
418061159
419193035
421708014
426380596
427331541
429467501
434196656
452982062
454245095
459802663
463082300
469376498
481459624
893387996
929102776
965691140
1007561223
1008414315
1011324004
1023003111
1023436593
1023816500
1023896215
1023911763
1023996485
1024201619
1024205876
1024329210
1026226838
1034235112
1034552397
1034625693
1092190412
1092389172
1095158186
1105026200
1105601183
1106092622
1108958395
1111508181
1113871579
1114427147
1115560309
1116684661
1116845292
1118803078
1118944091
1118951869
1118962252
1119037322
1119050066
1119058982
1119098615
1119124247
1119130749
1119133111
1119135396
1119186102
1119260218
1123625747
1123754872
1128355740
1128425164
1128561070
1128604508
1128613266
1128614259
1128620496
1128646393
1128657825
1128662518
1128670587
1128670862
1128703710
1128716117
1128719605
1128738261
1128738592
1128742703
1128758746
1128768052
1128769473
1128794052
1128802906
1128811215
1128861648
1128876152
1129000281
1130797110
1132646231
1132709999
1132715180
1132719606
1132786454
1132814803
1132831061
1132832969
1132844269
1132851381
1132858379
1132868334
1132874970
1132883802
1132897156
1132917395
1132928958
1132955388
1132957043
1132957421
1133018972
1133020627
1133021289
1133040235
1133052404
1133538112
1136647496
1137630363
1137661955
1137666787
1137689976
1137756067
1137761683
1137788830
1137832255
1137837472
1137841557
1137871152
1137884878
1137912724
1138001837
1138019062
1139823754
1139939147
1139959716
1139974861
1139979151
1139979295
1140009867
1140010173
1140013029
1140032167
1140041521
1140071938
1140112405
1140115750
1140118438
1140119846
1140154121
1140161030
1140188230
1140232271
1140284466
1140315212
1140339334
1140427736
1140736983
1140778362
1140795903
1140848569
1140857807
1140871705
1140891295
1140898991
1140901939
1140902640
1140903039
1140908939
1140915263
1140920874
1140921953
1140925263
1140926092
1140949394
1140954586
1140957613
1140986639
1140989590
1140999921
1141008201
1141019363
1141032935
1141054775
1141055167
1141056088
1141056467
1141068757
1141072867
1141075178
1141108512
1141137098
1141142431
1141144748
1141146403
1141154349
1141155394
1141174625
1141376746
1145967060
1146285081
1148435103
1168637639
1168656731
1168715963
1168740160
1168747347
1168829386
1168892596
1168908972
1168912407
1168920240
1168926840
1168945070
1168962731
1168969410
1168974588
1168981208
1168985574
1168992031
1168998919
1169001058
1169011642
1169023369
1169032763
1169051785
1169052723
1169073927
1169094711
1169101791
1169110625
1169410763
1169422495
1169574234
1172728572
1172939407
1173454612
1173533387
1178906748
1178961853
1178998738
1179106352
1179110485
1179113415
1179126567
1179129845
1179152134
1179161575
1179226600
1179227670
1179227700
1179231829
1179235052
1179240565
1179247634
1179268950
1179269402
1179269493
1179304229
1179372312
1179378619
1179386812
1179423126
1179440990
1179450890
1179487938
1179518634
1179549165
1179618390
1179630463
1179631213
1183793229
1184112717
1184166482
1184265137
1184324172
1184383131
1184431862
1184486334
1184496341
1184546002
1184562789
1184693017
1184777618
1185728881
1187638538
1187897930
1187928676
1188015629
1188578487
1188797888
1188956534
1188968541
1190352645
1195472555
1197133935
1197479215
1197604127
1197640572
1197658495
1197702352
1197707441
1197724086
1197729037
1197730692
1197750898
1197756523
1197762614
1197764728
1197772202
1197788531
1197794850
1197800230
1197814011
1197814423
1197815988
1197839757
1197840270
1197844335
1197860988
1197876995
1197887873
1197896349
1197899554
1197899736
1197899836
1197906926
1197909590
1197924886
1197929520
1197938833
1197940771
1197941433
1197953479
1197958884
1197968587
1197975553
1197982685
1197984184
1197987459
1197987624
1197990962
1197992657
1197993682
1198005313
1198015216
1198020798
1198025822
1198046050
1198049648
1198051052
1198053705
1198054686
1198056341
1198056684
1198062338
1198062750
1198084006
1198090875
1198131237
1198140275
1198141229
1198146744
1198147417
1198150073
1198150199
1198154688
1198204043
1198252786
1198273552
1198321131
1198340401
1198388987
1198422414
1198449492
1198479178
1198577292
1199120918
1199140175
1199249842
1199300112
1199484671
1199520965
1199617053
1199643829
1199758244
1199849845
1199926366
1199960069
1199988673
1200045556
1200736093
1201491635
1201495938
1201496668
1201538373
1201545649
1201589642
1201611572
1201624397
1201635749
1201690422
1201697924
1201702171
1201706392
1201706638
1201724866
1201730666
1201737131
1201744457
1201757594
1201762559
1201768657
1201775209
1201777675
1201789746
1201792598
1201798629
1201800285
1201805780
1201812221
1201813824
1201814860
1201819728
1201831794
1201845415
1201849484
1201852646
1201864519
1201864836
1201878977
1201881705
1201883883
1201887986
1201890790
1201893583
1201896886
1201899547
1201916303
1201918333
1201922643
1201926547
1201932956
1201941156
1201948396
1201950553
1201952208
1201952426
1201953478
1201955542
1201962088
1201963431
1201964104
1201967364
1201973097
1201976589
1201976864
1201980359
1201994212
1201997338
1201999973
1202004583
1202009879
1202025332
1202035757
1202036085
1202044276
1202057169
1202058521
1202059352
1202067165
1202075477
1202081668
1202095490
1202099072
1202115103
1202117176
1202121097
1202124828
1202138385
1202140204
1202143979
1202145303
1202169483
1202171746
1202173458
1202198761
1202203421
1202244056
1202249806
1202321023
1202350989
1202393333
1202397340
1202453244
1204507448
1204636437
1204765414
1204774996
1204856730
1204912480
1208030943
1208147391
1208150701
1208243613
1208293037
1208380510
1208474057
1208537489
1208545842
1208568510
1208611617
1208805425
1215201054
1215298415
1215347819
1215361812
1215369207
1215485293
1215529789
1215557300
1215574214
1215656418
1215678230
1215688088
1215740776
1215761145
1215780853
1215806193
1215806524
1215809512
1215834465
1215851409
1215917354
1215918964
1215921943
1215958955
1215972757
1216011130
1216013356
1216086694
1216096653
1216118773
1216170226
1216200066
1216225484
1216313694
1216350750
1216410326
1216455473
1216504284
1216515664
1216518002
1216522860
1216577008
1216639190
1216712002
1216959640
1216978300
1217021367
1217034986
1217052882
1217316070
1219702806
1219965076
1220048244
1220129098
1220259006
1220284326
1220390771
1220410246
1220451584
1220480104
1220500968
1220526137
1220694681
1220698471
1229109754
1229134057
1242718865
1242756234
1242839610
1242976929
1243009933
1243030980
1243035729
1243087343
1243149474
1243178497
1243187780
1243264753
1243374372
1243494258
1247412577
1247455822
1247515775
1247613724
1247691631
1247711839
1247770173
1247797592
1247894541
1248009440
1248283262
1248450248
1253513660
1253514675
1253609252
1253618462
1253674942
1253728763
1253802816
1253820578
1253828140
1253837358
1253848302
1253917867
1253964794
1254152845
1254194466
1254278622
1254318293
1254394284
1254415394
1254452038
1254455763
1254518001
1254524478
1254561804
1254598942
1254621390
1254624748
1254633498
1254648058
1254655275
1254665640
1254675219
1254685004
1254716776
1254725337
1254791197
1254832524
1254839676
1254880893
1254912157
1254951096
1254957077
1254962540
1254962755
1254964890
1254972095
1255027277
1255043645
1255054987
1255058578
1255058968
1255085577
1255086828
1255109415
1255112725
1255130746
1255134272
1255142649
1255143214
1255153056
1255158860
1255210112
1255214514
1255217192
1255228863
1255251173
1255266765
1255273931
1255278130
1255297981
1255299269
1255318709
1255319510
1255338606
1255355358
1255357250
1255364742
1255365678
1255368152
1255374267
1255376296
1255376488
1255377936
1255379780
1255388953
1255388997
1255402641
1255415477
1255423160
1255432472
1255456087
1255471368
1255472091
1255504598
1255511942
1255526517
1255526982
1255538930
1255550262
1255578706
1255583519
1255599981
1255643470
1255645789
1255651557
1255659651
1255670853
1255678574
1255682941
1255694763
1255712508
1255735260
1255753310
1255761445
1255800334
1255843449
1255912811
1255931422
1255931632
1256081544
1271861454
